[VolRenSettings]
BlendMode=0
shading=On
gradient_opacity=Off
interpolation=Off
auto_sample_dist=On
slider_0=400
slider_1=600
slider_2=200
slider_3=1000
slider_4=200
PaletteNr=28
Left_Hounsfield_Threshold=-362
Right_Hounsfield_Threshold=1088
NrPts=74
point_Pos_0=-3024
opacity_0=0
point_Pos_1=-2967.5829999999996
opacity_1=0
point_Pos_2=-2885.3369999999995
opacity_2=0
point_Pos_3=-2832.1189999999997
opacity_3=0
point_Pos_4=-2781.3199999999997
opacity_4=0
point_Pos_5=-2749.8729999999996
opacity_5=0
point_Pos_6=-2720.8450000000003
opacity_6=0
point_Pos_7=-2699.0739999999996
opacity_7=0
point_Pos_8=-2667.627
opacity_8=0
point_Pos_9=-2648.275
opacity_9=0
point_Pos_10=-2626.504
opacity_10=0
point_Pos_11=-2607.152
opacity_11=0
point_Pos_12=-2575.705
opacity_12=0
point_Pos_13=-2544.258
opacity_13=0
point_Pos_14=-2512.8109999999997
opacity_14=0
point_Pos_15=-2462.012
opacity_15=0
point_Pos_16=-2430.5649999999996
opacity_16=0
point_Pos_17=-2162.056
opacity_17=0
point_Pos_18=-2133.0280000000002
opacity_18=0
point_Pos_19=-2079.81
opacity_19=0
point_Pos_20=-2048.363
opacity_20=0
point_Pos_21=-1997.5639999999999
opacity_21=0
point_Pos_22=-1966.1169999999997
opacity_22=0
point_Pos_23=-1946.7649999999999
opacity_23=0
point_Pos_24=-1905.6419999999998
opacity_24=0
point_Pos_25=-1883.871
opacity_25=0
point_Pos_26=-1852.4239999999995
opacity_26=0
point_Pos_27=-1811.301
opacity_27=0
point_Pos_28=-1782.2729999999997
opacity_28=0
point_Pos_29=-1741.15
opacity_29=0
point_Pos_30=-1491.993
opacity_30=0
point_Pos_31=-1431.518
opacity_31=0
point_Pos_32=-1378.2999999999997
opacity_32=0
point_Pos_33=-1337.1769999999997
opacity_33=0
point_Pos_34=-1296.0539999999996
opacity_34=0
point_Pos_35=-1254.931
opacity_35=0
point_Pos_36=-1204.1319999999996
opacity_36=0
point_Pos_37=-1153.3329999999996
opacity_37=0
point_Pos_38=-1146.4697999999999
opacity_38=0
point_Pos_39=-1123.2774
opacity_39=0
point_Pos_40=-1074.7841999999998
opacity_40=0
point_Pos_41=-971.4726
opacity_41=0
point_Pos_42=-804.9089999999997
opacity_42=0
point_Pos_43=-620.424
opacity_43=0
point_Pos_44=-453.8604
opacity_44=0
point_Pos_45=-296.78459999999995
opacity_45=0
point_Pos_46=-243.02039999999943
opacity_46=0
point_Pos_47=-238.8036000000002
opacity_47=0
point_Pos_48=-157.6301999999996
opacity_48=0
point_Pos_49=-85.94459999999981
opacity_49=0
point_Pos_50=-18.47579999999971
opacity_50=0
point_Pos_51=35.288400000000365
opacity_51=0
point_Pos_52=58.48079999999982
opacity_52=0
point_Pos_53=89.05259999999998
opacity_53=0
point_Pos_54=125.94959999999992
opacity_54=0
point_Pos_55=143.8710000000001
opacity_55=0
point_Pos_56=156.52140000000009
opacity_56=0
point_Pos_57=170.2260000000001
opacity_57=0
point_Pos_58=183.93060000000014
opacity_58=0
point_Pos_59=193.41840000000047
opacity_59=0
point_Pos_60=201.85199999999986
opacity_60=0
point_Pos_61=206.0688
opacity_61=0
point_Pos_62=215.55660000000034
opacity_62=0
point_Pos_63=229.26120000000037
opacity_63=0
point_Pos_64=237.6948000000002
opacity_64=0
point_Pos_65=241.91160000000036
opacity_65=0
point_Pos_66=247.1826000000001
opacity_66=0
point_Pos_67=251.39940000000024
opacity_67=0
point_Pos_68=255.61619999999994
opacity_68=0
point_Pos_69=265.1039999999998
opacity_69=0.945
point_Pos_70=650.9412000000002
opacity_70=0.925
point_Pos_71=803.8002000000001
opacity_71=0.95
point_Pos_72=831.2094000000002
opacity_72=0.95
point_Pos_73=2247
opacity_73=1
grad_NrPts=2
grad_point_Pos_0=0
grad_opacity_0=1
grad_point_Pos_1=255
grad_opacity_1=1
