[Color]
R=0
G=0.333333333333333
B=1
opacity=1

[Specular]
R=0
G=0.333333333333333
B=1
value=0.5
power=128

[Diffuse]
R=0
G=0.333333333333333
B=1
value=1

[Ambient]
R=0
G=0.333333333333333
B=1
value=0.1

[Other]
Representation=Surface
Interpolation=Phong
