[Color]
R=0.588235294117647
G=0.588235294117647
B=0.784313725490196
opacity=1

[Specular]
R=0.588235294117647
G=0.588235294117647
B=0.784313725490196
value=0
power=1

[Diffuse]
R=0.588235294117647
G=0.588235294117647
B=0.784313725490196
value=1

[Ambient]
R=0.588235294117647
G=0.588235294117647
B=0.784313725490196
value=0

[Other]
Representation=Surface
Interpolation=Phong

[Texture]
Name=none
