[Color]
R=0.833333333333333
G=0.666666666666667
B=0
opacity=1

[Specular]
R=1
G=1
B=0
value=1
power=128

[Diffuse]
R=0.666666666666667
G=0.333333333333333
B=0
value=1

[Ambient]
R=0.666666666666667
G=0.333333333333333
B=0
value=0

[Other]
Representation=Surface
Interpolation=Phong
