[Color]
R=0.63921568627451
G=0
B=0
opacity=1

[Specular]
R=0.63921568627451
G=0
B=0
value=1
power=128

[Diffuse]
R=0.63921568627451
G=0
B=0
value=1

[Ambient]
R=0.63921568627451
G=0
B=0
value=0.1

[Other]
Representation=Surface
Interpolation=Phong
