[Color]
R=0.534288326729656
G=0.534288326729656
B=0.534288326729656
opacity=1

[Specular]
R=0.529411764705882
G=0.529411764705882
B=0.529411764705882
value=1
power=128

[Diffuse]
R=0.529411764705882
G=0.529411764705882
B=0.529411764705882
value=0.91

[Ambient]
R=1
G=1
B=1
value=0.02

[Other]
Representation=Surface
Interpolation=Phong
