[Color]
R=0.195518207282913
G=0.354808590102708
B=0.238655462184874
opacity=1

[Specular]
R=0.333333333333333
G=0.666666666666667
B=0
value=1
power=128

[Diffuse]
R=0
G=0
B=0.498039215686275
value=1

[Ambient]
R=0.772549019607843
G=0.784313725490196
B=0.0313725490196078
value=0.1

[Other]
Representation=Surface
Interpolation=Phong
