[VolRenSettings]
BlendMode=0
shading=On
gradient_opacity=Off
interpolation=On
auto_sample_dist=On
slider_0=400
slider_1=600
slider_2=200
slider_3=1000
slider_4=200
PaletteNr=14
Left_Hounsfield_Threshold=0
Right_Hounsfield_Threshold=485
NrPts=12
point_Pos_0=0
opacity_0=0.0050000000000000044
point_Pos_1=3.0000000000000004
opacity_1=0.0050000000000000044
point_Pos_2=6.000000000000001
opacity_2=0.0050000000000000044
point_Pos_3=9
opacity_3=0.0050000000000000044
point_Pos_4=12.000000000000002
opacity_4=0.0050000000000000044
point_Pos_5=13.000000000000002
opacity_5=0.0050000000000000044
point_Pos_6=48.00000000000001
opacity_6=0.0050000000000000044
point_Pos_7=79
opacity_7=1
point_Pos_8=80
opacity_8=1
point_Pos_9=83
opacity_9=1
point_Pos_10=484
opacity_10=1
point_Pos_11=485
opacity_11=1
grad_NrPts=19
grad_point_Pos_0=0
grad_opacity_0=1
grad_point_Pos_1=119
grad_opacity_1=0.265
grad_point_Pos_2=120
grad_opacity_2=0.265
grad_point_Pos_3=122
grad_opacity_3=0.265
grad_point_Pos_4=136
grad_opacity_4=0.265
grad_point_Pos_5=168
grad_opacity_5=0.28
grad_point_Pos_6=190
grad_opacity_6=0.30000000000000004
grad_point_Pos_7=203
grad_opacity_7=0.31499999999999995
grad_point_Pos_8=213
grad_opacity_8=0.35
grad_point_Pos_9=219
grad_opacity_9=0.375
grad_point_Pos_10=224
grad_opacity_10=0.4
grad_point_Pos_11=225
grad_opacity_11=0.4
grad_point_Pos_12=227
grad_opacity_12=0.39
grad_point_Pos_13=231
grad_opacity_13=0.39
grad_point_Pos_14=234
grad_opacity_14=0.4
grad_point_Pos_15=238
grad_opacity_15=0.42500000000000004
grad_point_Pos_16=246
grad_opacity_16=0.43500000000000005
grad_point_Pos_17=252
grad_opacity_17=0.44999999999999996
grad_point_Pos_18=255
grad_opacity_18=1
