[VolRenSettings]
BlendMode=0
shading=Off
gradient_opacity=Off
interpolation=Off
slider_0=400
slider_1=400
slider_2=400
slider_3=400
slider_4=400
PaletteNr=79
NrPts=7
point_Pos_0=0
opacity_0=0.015
point_Pos_1=0.211764705882353
opacity_1=0.02
point_Pos_2=0.213438735177866
opacity_2=0.01
point_Pos_3=0.217391304347826
opacity_3=0.01
point_Pos_4=0.221343873517787
opacity_4=0.01
point_Pos_5=0.225296442687747
opacity_5=0.015
point_Pos_6=1
opacity_6=0.02
