[VolRenSettings]
BlendMode=0
shading=On
gradient_opacity=Off
interpolation=On
slider_0=864
slider_1=51
slider_2=200
slider_3=1000
slider_4=356
PaletteNr=79
NrPts=28
point_Pos_0=0
opacity_0=0
point_Pos_1=0.0039215686274509803
opacity_1=0
point_Pos_2=0.0078431372549019607
opacity_2=0
point_Pos_3=0.25490196078431371
opacity_3=0
point_Pos_4=0.25882352941176467
opacity_4=0
point_Pos_5=0.27450980392156865
opacity_5=0
point_Pos_6=0.27843137254901962
opacity_6=0
point_Pos_7=0.29803921568627451
opacity_7=0
point_Pos_8=0.30196078431372547
opacity_8=0
point_Pos_9=0.30588235294117649
opacity_9=0
point_Pos_10=0.32156862745098036
opacity_10=0.020000000000000018
point_Pos_11=0.32941176470588235
opacity_11=0.035000000000000031
point_Pos_12=0.36078431372549019
opacity_12=0.064999999999999947
point_Pos_13=0.36470588235294116
opacity_13=0.069999999999999951
point_Pos_14=0.39215686274509803
opacity_14=0.10999999999999999
point_Pos_15=0.396078431372549
opacity_15=0.12
point_Pos_16=0.40392156862745099
opacity_16=0.125
point_Pos_17=0.40784313725490196
opacity_17=0.13500000000000001
point_Pos_18=0.41568627450980389
opacity_18=0.14000000000000001
point_Pos_19=0.42352941176470588
opacity_19=0.15000000000000002
point_Pos_20=0.43529411764705883
opacity_20=0.16500000000000004
point_Pos_21=0.44313725490196076
opacity_21=0.18000000000000005
point_Pos_22=0.50980392156862742
opacity_22=0.375
point_Pos_23=0.52156862745098043
opacity_23=0.41500000000000004
point_Pos_24=0.54117647058823526
opacity_24=0.48999999999999999
point_Pos_25=0.54509803921568623
opacity_25=0.48999999999999999
point_Pos_26=0.5490196078431373
opacity_26=0.505
point_Pos_27=1
opacity_27=1
